3916456254
2284308504
3571341480
1690936277
3475909644
5650465718
5096553926
3833194729
5098715227
5571256559
5487717624
5590069509
1970031083
5622387988
5494377412
2804238551
1797826631
5348743060
2503324114
5292334134
3612604147
2101806833
3096757915
5673146778
5283127310
2479148971
3478638842
5674456309
1784084432
3396792774
1806513183
1374273674
2325194273
3060142891
5315607249
3898515862
2053978934
5660647702
5608595497
5581242177
5197572343
5444755800
5029561426
5629564759
2878982097
5649383682
3305371711
5530617891
2176250765
5610147024
2865530802
3639978241
3313175915
2234467721
5546133362
5590168028
5549994488
2249798401
2319639705
3318402233
3278696601
3298135955
3136906531
3202042275
3786135334
3178286410
1770232787
5187767532
5128500956
3889707716
3024645933
5635249993
2813946010
2658484174
2233072963
3616430563
5140394580
2872381175
5671006438
2654949443
5519392870
5099861403
3896363426
5021511137
5519737117
5672043141
5135086929
2007566450
2150510214
1616420353
2407346065
5650086805
5243694479
5668051895
5255964092
3509267581
