3260214985
3867931122
2431293700
5660638251
5392250436
1745528504
1683357212
2445279377
1035550147
3121100993
5671964290
5674502982
2429870390
2735491741
2122094085
5504165395
2052388263
5183955000
2869241544
1887209250
2712306775
5131014223
5067146425
2626726547
1900626425
3113543525
2929285691
5531915662
3638616182
5520244613
2689869581
1676948915
2826316480
1757128373
3064894043
5672760458
2823438813
1814753247
5662733266
3949497671
5673274363
5673209582
1873371472
2718178365
5673887605
5673801140
1994458875
1956761304
5673801083
5674148039
3230659854
5674147955
5673889521
5674147781
5674147856
5673273938
5673798731
2696813531
5673889481
5674169517
5673889702
5674436482
5674436366
5673800599
