5673749640
2105566057
2305112685
1325854795
5653570234
3944083632
5159721507
2736958827
3225413191
2865299650
5263309282
5672721638
5663507637
2466548440
2410364524
5197768696
5517820433
5674656903
1937267244
2649352845
1306456324
1938922214
1155480480
2308792180
5639030976
3885949130
5654059239
5672882555
2677424891
5571173616
2434272322
1652311654
2129151265
2138615321
5187251014
5567755253
2239470924
1703536024
1806239584
1730219405
2442325264
5672914867
5651998624
2163936075
5639715767
3496301754
5583355494
3860183556
3625096073
2212470544
1443929900
2517403870
1406787025
1274376480
2231870352
5594379614
2467992365
2158051693
2338590754
1349965807
5674030896
2959661211
2501135245
1857450927
5674639772
2696960431
5408431877
5671883111
2731409387
3657672207
5647756511
2012330325
5607137763
1107122135
5664090624
5200188586
1930866011
1987966655
2482395017
3478612402
2924670634
2100750021
2154458573
3264739361
1762382584
3313079492
1017007705
5674559056
1935904101
5672501017
5672772818
5534962648
5674557927
5674009637
5674560106
5013028411
1057908862
