3891225279
2306477521
5309579595
1188824695
3745771583
1766262712
3606846380
5202020284
5634002913
5255564584
2005093075
5674776162
2806592210
2746328827
1949241102
2449117063
2831767243
5072126230
3479560121
2872948742
5603073671
5591487745
3096178963
3602798835
1964988083
1800552930
2079352264
3178286594
2151647230
2461603395
5628024933
3154026094
1961524387
2947956357
2206636350
5488090131
5305138660
5579644351
5626143085
5188027019
5494011974
2473507904
5399062929
1618144953
2995343491
2113495663
3796620765
5637863405
3929657626
5357649183
5362159276
5583366354
3165235652
2063553475
5631916303
2733262337
2416136975
2272376071
5600643127
5500077209
3742642997
2543435927
1649810217
5531106676
1863572694
3155173592
1899895415
5148139121
1960880377
3850795736
5615108014
5285769215
1312466442
5457883841
3561991287
5655647648
3103500493
3902679467
5525609590
5092309691
2865954672
5603060107
3926829725
3971887499
3301060605
1783773500
1764988021
2121107642
1873333960
1850744995
5562812465
1768745540
5311295720
1784173780
3673405293
1701185980
5230877515
3113441513
1109124322
1752491093
