2638432605
1589422162
5206827957
3840745962
1802905893
5668356103
2150502054
1765292723
2116184801
1646343071
5674170455
3669031924
1424757554
5674507897
5674175646
5365849208
5668320895
5534947413
5672618269
5264770663
5672859926
5674778898
5673181041
5672860010
5669319179
5672958195
5665867613
3985929779
5673178623
5672862165
5674201420
2454013577
5672294920
5673179877
5650805019
5674843925
5672296286
5674439347
5673179876
5672862611
5672620789
5674172205
5674507305
5674439240
5674439164
5672859016
5672617521
5671830628
5672617576
5671830564
5672617218
5672858845
5674843307
2206018697
5674241028
5674506557
1900189803
5673894779
5671222007
5645802502
1996038101
3036042654
5674843546
5674438792
5674506492
5671489053
2487894002
5671476679
5670860266
5674171699
5670872990
5673824950
5674506768
5674171619
5671829975
5670872808
5674774996
5671221864
5670873082
5670872790
5670872800
5626455550
5671221638
5670860108
5671830384
5674840655
5670873170
5673824813
5673824795
5671476603
5670860053
5674774915
5670872226
5673824803
5671830373
5671221688
5673894941
5671221167
5671208655
