2690858470
5674423422
5674156202
5033178425
5671228557
5626301287
5673809326
5673809322
5563589616
5674156136
5674847739
5673809219
5580528119
5673899541
5673899250
5674245772
5673809259
5671495549
5673899462
5674847764
5674510705
5671495711
5671229207
5642649563
5361700957
5673809233
5670879882
5671228837
5670879747
5670879666
5674245476
5673898928
1007262754
5674156018
5674221139
5674245455
5674245321
5671228443
5670879795
5671836294
5671495282
5673809162
5674510726
5674847531
5674155971
5671836180
1194902093
5501479847
5674423242
5674759446
5670879372
5674846934
5663572832
5672954941
5670879206
5674423188
5671836207
5671227901
5525376540
1925651713
5525376540
1925651713
5673799272
2230730223
5671836114
5673808988
5671227358
5671494328
5671495257
5674847045
5670879168
5674178675
5674178672
5671227360
5632803780
5671494588
5671835702
5674846476
5674509445
5670878807
5670878807
5671227487
5673898359
5670878284
5670878396
5674509938
5671835299
5671494014
5674176923
5673898479
5674443669
5673830335
5674176849
5673830224
5669355513
5673897384
5674779984
5673898195
5674779909
5674443385
