1868831300
2325184971
5618286698
1268252540
5223779823
1743040577
5623505762
3813935767
1313463997
3801750686
2615519770
1825482882
3038733602
2143872044
5362153102
1011139597
2153188741
2084598787
3771352927
2045922543
2045922543
3667473942
2268683167
5406125164
3319793244
1768003052
2190476684
2909924264
1925728905
2278815314
5015076100
1822617052
5410748448
5306759701
5132762948
5650956481
3211183170
2431455265
2455623735
2936026167
5196354336
5646426860
5534884062
5616104666
2736085345
2759698483
5342171601
3967539879
5650254061
5669985505
5634312384
3802777220
3593412147
2679229605
1940803347
5120369049
5645803117
2641104927
5625238042
1715682377
3832133048
5089762925
2327244000
5674244456
1600555631
5216363356
2908788931
2549950393
1721872544
2390178957
5286197077
2548998027
5640099916
3808030613
5385321419
5627928473
5617659506
5326462898
5441371450
2027618745
5252948006
5674509304
2039678812
5449788675
3163869875
2513674880
2272581775
1950508560
3263364680
3919041044
3966902434
5187513431
2930909727
3814820264
2935504735
3183282390
5668366792
5171664996
3032772692
1727475780
