1731930915
1891845373
1669823982
1667554942
3063296203
3088704885
2731341697
1743347041
1667553532
1904397351
1746221281
2408932262
1784571423
2335953143
1647951825
1659553111
1800572212
1716643487
1719049587
1716640804
1888373567
1768042914
1936627952
1764536032
1740936973
2368294191
1658953784
2615253663
1771147711
1727353121
3891271075
1765060363
1962679875
2101359450
1841441477
2769307897
1805367362
1885522237
1691328753
2034027354
2190469525
1891810500
1743921384
1827923952
2782300815
2411750412
1673396891
2367568277
1761731257
1644088831
1646601370
2482386165
1873370657
2298836177
2261192165
1901060075
1645817972
1664798221
3041993393
1742013781
1737599631
1942729150
104881
3922751545
1704161093
1757599201
1446609453