1642909335
2016713117
1934183965
2671109275
1883881851
1618051664
1962310741
1362607654
1654164742
2803301701
1931358544
2216755173
1761047370
2656274875
1638782947
1255849511
1191965271
1198251274
1699432410
1642591402
1470110647
1653689003
1664207987
1189591617
1156966391
2286908003
1642088277
1684502353
1642634100
3921730119
1642512402
1189615035
1640601392
1643971635
1431308884
2803395954
1314608344
1644489953
1658704130
1231759973
1638629382
1639498782
1893801487
1699540307
1506142182
1649173367
1564334263
1821898647
1036663592
1641532820
1652484947
1650488005
2683848407
1713458220
1893711543
1513934187
1288369910
2048774442
1887790981
1782599645
1575527140
1644114654
1646512101
1906114713
2030112487
1249729383
1191050205
2258727970
1323527941
1642591945
1980923321
1664971205
1193725273
1863356445
1893377101
1784473157
1734530730
1315591982
2810373291
1668216997
1222135407
1788500327
1653460650
1779837945
1720962692
2196734667
1675509012
2721265092
1225314032
1704819467
1653603955
1863057363
1729930211
2684112141
1273656690
1700720163
1697601814
1642482194
1655444627
1897883945
1867571077
1894947983
1315706994
1698823241
1198248427
1656831930
1645773865
1708288824
1767910704
1640337222
2051634951
1847582585
1656737654
1712356403
1496813671
1668662863
1987543647
2034347300
1651428902
1645705403
2992050891
1702883112
1830679800
1641561812
2257175873
1752162633
2376534624
1644948230
1624364062
1628669597
2641686425
1497087080
2789168643
1265998927
2243807243
1654716241
1922328587
1737737970
1650111241
2857630570
1499104401
2244639353
2244525523
1787920531
1649159940
1981653361
1626167435
2245075615
1731169267
1735937570
1918243627
1700775127
1642030665
1736329970
3222892134
1653974425
1369781132
2153773471
2921376690
1644291782
3229916011
1682207150
1711599694
2113779281
1654082113
2011075080
3288875501
2525639751
1894467483
1771123430
2210168325
1926909715
2544191434
2516798477
1732370473
1562412693
1834783273
1885985453
1288429914
1749766371
1197002213
2188775873
1939861572
1268642527
1929496477
1765148101
1292808363
1977460817
2042019413
2230631943
1757599201
1672519561
1642629063
2154597573
1295560007
1560851875
1273610165
1518966617
2819027752
1765870915
1644225642
1645578093
2403076531
1592146353
1911484643
1700648435
1589962742
2041405051
1816256200
1738770705
1828887503
1496814565
2085409751
1069205631
1728860841
1663072851
1195397063
1712686623
2993049293
1735950160
2155226773
1642585887
2189608911
1266269835
1749990115
1646270104
1997509257
1797140201
1884334303
2356298087
2154105251
1882475282
1649151203
1769684987
1855635851
1216431741
1880233081
2053148147
1774057271
2839474890
1774501890
1717833412
1663937380
1926786203
1268518877
1778758223
1774181624
3216836631
1827332193
3114175427
2455291971
1742968055
1700087532
2140217241
2299824385
1728885872
1750349192
2154547207
2154013651
1824398837
2032139271
1649873781
2807295185
2010666107
1905859287
3276536134
1644643491
1750822455
2285465221
2044811375
1198255227
2175582565
2456015507
1154814271
2024623547
1773444600
1722628512
2550293792
1801663151
1991123083
1698071992
1732480923
2716523850
1959928052
2631656081
1685336690
1718259005
1864419143
1870395983
1829407315
2535760180
1280846847
1956911795
1326410461
1702593504
2547916923
1885560902
1198253935
1801817195
1529573474
1740295620
2633275577
1659756840
1886003195
1708188321
1977902724
2155035021
1990271545
1689041330
1642624462
2320711045
1749281944
1775013573
2735140717
2012848090
1890124650
2616293707
1730283472
2181597154
1872005590
1402977920
2043351562
2014171337
2280198017
2142991724
1801645584
1757200843
3282133455
1974576991
2996162867
1664275343
2183483187
2169847277
2641271480
1896006970
3152613464
1420157965
1921218535
2324974633
1384615417
1678302013
2154042825
1699258907
1984100083
2387903701
3094153221
2319434684
3630699860
2686904145
1899810091
1557605344
1718493627
2292899701
1364882532
2074910375
1746692527
1655524143
1926082815
1730243272
2027773605
1649469284
1641498391
1750553234
2786131870
1879859474
1839807553
1229904492
1345625994
1684012053
1657236125
1866405545
2134669137
1678429834
1641533697
2143550005
1915671961
1740381047
1772293130
3552035584
1688864597
1774259814
1192966660
2106115754
3774371267
1668589317
1837086667
2393383161
1684452940
1702539055
1272741311
3229879502
2085405505
1845521082
1270464332
1703371307
1647662054
1359179855
1995721783
1232121710
3219399592
2012390301
1899155404
1646051850
2146471374
1806128454
1262931363
1923974825
2178738213
2417761051
1959005674
1642592432
2262780961
2154946027
1669036601
1862468832
2104693617
1267454277
1665253237
1703513687
1958631354
1768470921
1797392503
2620088113
1819318401
3211455932
2208727481
2662628141
1983711495
3170247223
1898885525
1615650934
1802982701
2049389352
1497675775
3218689741
2825653895
1602738004
2800982237
2099153431
2748011645
2189743085
2431328567
1035933493
1668926483
1806722615
3204460535
3176949080
1918021250
1642632024
1784501333
1548464785
3166262701
3562243287
1852855013
1952262350
1141140473
2486134071
1746067030
1237940562
1644510497
1645770900
2097152664
1688103904
3225013755
1740522895
1678808364
1735221154
2840177141
1876807691
1960785875
1723216063
2622056220
2122506831
1507921471
2817606190
1737961042
1615813834
2539323341
1855024094
1644729004
1389537561
1751714412
2359971627
2715361774
1232221900
1270492934
2477103187
2886900317
1949449460
1806503894
1887259304
2089906065
1764404507
1528041801
2799302317
2740076014
1655526104
3196281042
3057540037
2486987257
2534450950
1681029540
1843633441
2146653965
2961758583
3016812735
1664032380
1722680901
1834954555
3297162173
1733879143
1700315953
1923969675
1858865470
1750344480
1667999147
1760622651
1642632622
1882632930
2293993644
1763405902
1664325643
2907917243
3235021073
1736751645
1653255165
1853949425
2482386165
1899621707
1938523582
2482242324
1912964267
2823470493
1666485652
1978579700
3016214510
1704544512
1644648333
1802025651
1657039352
3238612233
1750349294
1702896953
1288071281
1647688972
2040055821
1630423295
2525457764
2241525434
1826944535
1689474774
2188110855
2306405891
2375086267
1723129462
1843147045
1658402750
2178994292
3082731712
1684446114
1879778060
2154789307
1832861915
1775895885
1654159825
1905912064
1655537257
1830143267
2012816014
1872666854
2156321253
3494392691
2625504257
1764545564
2025234267
1911225095
1676526491
1923892477
1923858731
1840551510
2814389115
2839642861
2782970780
1616696573
1566530041
1911443440
2921243792
1880087643
1689591881
1948819552
1301904252
1948338074
1911433160
2098807780
1893278624
1920345782
2297936863
1923855515
1911233974
1923824125
2219513610
1698233740
1923919173
1911430212
2813356867
1911420532
1923788975
2814389175
1923811187
2814388955
1911253150
1923831571
2814389225
2813356967
2814389605
1923829097
1911259722
2814389585
2814389651
1920353674
2814388651
2813356687
2814388731
2814389185
1923831337
1911243470
2443459455
1920331982
1911249334
1923891391
2118837752
1895622611
1706372681
1299654943
1747396105
1228940060
1949449394
1764971600
1949365444
1907774694
1885637912
1642566747
1794897412
2767344503
3230302982
1853073072
2792904671
1920429764
2769839184
2804827393
3215136907
1698784044
1548403217
1727703612
1865320214
2049058461
2136085913
1786713865
1817020785
1998796603
2497298463
1575555751
2044957395
2100782095
1709286437
2812986450
2202934072
3199549951
1667983181
1662194400
1986817511
2638016261
1642605821
1686824184
1750354524
3246159804
2361445695
1657914910
1750087417
1622643194
2259661342
1664000191
2154212385
1913382117
1689980344
2597696654
2518710377
2370143771
1917323193
2107776401
1764828222
1820472333
2334162530
1672636564
1835473531
2012603247
1700757973
1975995305
2162528012
1775638471
3145226051
1670977042
2332992900
1926394011
1908653214
1973634817
1712318565
3154827593
1627179183
3248050592
2823480587
2608323762
1649693245
2231590693
1775031977
1729669242
1687503652
2642085621
1192283562
1740334623
3175375983
2190298703
3272538233
2141760997
1839574411
1243578692
2559251460
2311694415
2536934022
1906145993
3182698757
1917625235
1623886424
2081296667
3268047813
2921223134
1765373140
1714145293
1276157564
1659889947
1267527155
2162418640
1257113795
2274567792
1878169763
2153117015
1750353914
2883838890
1403611582
1895863152
2208446650
2050690913
2291835477
1750355192
2076795207
1699493494
2952355301
1399746707
2458873097
2827102952
2779906087
2489839700
1649195742
1935317321
2837807965
1649252577
3241319394
1895431523
2189579901
2921244044
1280299783
2405385121
3037284894
1594608152
2824548085
1655238055
2521766162
1649597805
1497009881
1988800805
1732802301
1641245030
1292047080
3546332963
1647255877
3120845115
1705960043
1786803607
1677991972
2654536441
1882514991
2650276163
1769216315
1744217532
1290099433
1956700750
1601622881
2431246150
2112519362
1725942280
1418417002
2153657544
1092538373
1957153370
2675385683
1750907793
1498228941
1899424765
1666560985
2056346650
2282929711
1230236265
2921243302
1427076181
1733592447
1642257857
1968554935
1748997130
1675961211
1663884750
1787433323
1883007604
1642590315
1708763410
1196013440
1703694051
2247798535
1296738653
2111320103
2655343743
1667942985
1487803202
3207809073
1806209492
1719014980
1711690131
1747098161
1939766834
1957145712
2089358175
1730311783
2349987947
1700867777
1750349220
1919539302
1671068657
1838066011
1786793777
1723844811
1879609642
1702925432
1279746217
1714214184
1507206115
2622952817
1044988903
1739964112
1990309453
2921223352
2637129912
2352667443
2676787355
1625293545
1931238691
1729505414
1990895721
1663073073
1899058774
1568269950
1700651435
1607149082
2706473107
1661725184
1984104953
1906881261
1578839965
2844714572
2799375242
2618638282
2853967810
1830055592
1769901291
3339951694
2758308890
1500017461
1653689834
2476121622
1878335471
1747010580
3514732862
3171562511
2869618395
1900661044
1780645317
1807622284
1853223807
2496219467
1408848340
2647197351
1644739071
1845562071
2715001960
1719190750
1663148275
2477949061
1883003324
3319316262
2032092785
1736305802
1959082084
1703524110
2867368860
2202966210
2155768741
1943354917
1707093584
2293819563
1740557654
1276926122
1893892941
1043359780
1252512150
1567862431
1649680340
1798684292
1617746261
1237064237
1785051807
1946943234
1436469813
1791854965
2415848337
1874245651
2093606665
1895394815
2002435741
2824514871
3171750120
1648948823
2335657670
1701830693
1691507817
3236827454
1769239645
1750357954
1668299323
1666379303
2658495375
1955190431
2498410983
2787860810
1842779653
3074580451
2162541102
1731951527
2128213473
1756972905
2824531145
2195600811
1726918143
1998766813
1744361825
1722052204
2826267540
1911298802
2010839060
1923788965
1769293417
1491408501
1923931523
1735069645
1671416800
2758830472
2284353922
1664279327
1891083462
1688152161
2269221674
2517950371
1899198043
2192844920
1496915057
2505277242
1645995375
1773014872
2107968352
2612165674
1730369420
1796051535
1774006332
1923833565
2813356133
1801631655
1911466120
2312328510
1923871431
2087169013
3579961694
1803522015
2343699835
1683472727
2050651804
1883879985
2576946051
2651142193
1996630484
2261603380
2735347341
1983655155
2462605080
2954384694
1253218537
2495407521
1904226702
2603633707
1915096531
3184744091
1606263255
1770048000
1941349302
1016678575
2479972411
2475931382
2727879965
1863931504
1261788454
2907576527
1752180247
2726406013
2517697545
1371701597
1807336595
2127460165
1577736997
1880672380
2854975764
2005723670
1654815470
1786873284
1911502981
1711479641
1746804810
1684339122
2678664313
2829417655
1665347254
1913581823
1563848232
1988645095
1045982542
2699180811
2190450623
2920787694
1217680514
1655507255
1914880192
1949484540
1870415713
1218868254
1728840921
3247070394
2024538663
2121718653
1665755515
2190474723
1411163204
3059487587
1916702641
2003342421
2995223695
2188929117
1193525177
1709712454
1225772852
1921132011
1906462975
1911462520
1732739184
1729798150
1043320390
1911630795
1689591607
1741801024
1508453695
2028810631
1856404484
1507326101
2514821917
1990303727
1747498221
2722566443
1750358014
1962972693
1926665414
1675646200
2330641977
2000016880
1686551944
3365993480
1719824734
1708922835
1271638160
1686546714
2413713474
1496809967
2149203924
1691515770
1680988091
1885526113
2189715151
2010827813
1803373067
3183107112
1912715061
1660797932
2477687172
1841546367
1677722991
2620293347
1967926223
3164957712
2832434437
2028074513
2883965414
2679381427
2652415807
2115516494
1171244591
2704611547
1913464255
1757309923
1688870740
1723321694
1928118655
1929110005
2003217771
1918730657
2921243440
3166019221
1610362247
1792306562
1841553617
3214158792
1910355794
1822198633
2606879860
1649036617
1904947977
1796892083
1695640717
2012350205
1839429873
2338933643
1496811035
2519732362
1898340523
1889400290
1735664613
2904018033
1198183614
1747882057
1758033745
2259880587
1283357352
2568665260
1351858270
1872807080
2799137234
1846580741
2139034843
1919155483
2375068197
1726393244
1975753537
1886008124
2094447647
1646068663
2713131601
3115161133
1844599435
2472705891
2279664307
1842657221
2491633462
1684836114
1743116955
1885770020
1764974680
1842668771
1829451103
1770165364
1986358693
1905628462
1842615533
2084525627
2191398120
2184165722
2213733404
1155244082
2268916473
1571544244
1678502994
2921748933
1676681833
1772190152
1648979923
1378315365
2718550322
1729795123
1819733143
1741543435
2003190825
2133136050
2106607140
1682957843
2083297773
1809811951
2872667230
1668744687
1579746793
1884711611
1664176597
1743903381
1762605491
1896635132
2652370582
31906528
1631180077
1924162133
1703540563
2846632611
1864877712
2654117620
2425315932
1679302004
2082583823
2308963527
2002634237
1641492212
1990020994
1239683564
3257483427
2000426655
2618713157
2928904282
2616649175
1683509051
2214427982
2343574275
1243861097
2261052032
2109885920
1712775210
2155159645
1499131742
1757381295
1908955513
1685262231
1801741353
3267993567
3281048913
1841071945
2639517587
2482025611
1925644932
2467067465
2771049264
1891053514
1498124904
1644855075
2625324913
2637483527
2316796262
1842628935
2814388961
2415327371
1893507973
2074217567
3170004472
1244857260
1712223474
3231920057
2214431910
2145917613
3189443570
3230238400
1837498771
2116581414
2431006924
2900302761
1922607521
1899950161
1874867857
2636437427
1068246700
1150103050
2760221715
3242792887
2275228970
2114186320
1392016852
2608595965
1336751797
2301911730
1662048235
1833641821
3294134223
1893786465
3195302377
2641557333
1678470695
3224021321
1706993121
2877511654
1928740537
2181603797
1739746697
2049368710
2081474535
1744332207
1303521593
2012819960
1648979552
1281021921
2027548275
1925684712
2267330844
1768578257
1906142174
1723167603
2814388945
2782201430
2813356903
2106385203
1272740494
2814389551
1730223203
2039458441
2107268914
1056435982
2611485492
1990443391
1867563207
1854897251
1582827574
3013465845
2300279655
2187602725
2002531717
1365203955
1681447444
2840234321
1193848022
2459296031
1212182847
1806505430
2332793327
1646221180
2188113935
1698921891
1752863270
2727248657
1976599387
3194376302
1337058701
2106031302
2766554232
1030285024
2907496743
1340428144
1838687261
2860998382
2360016402
1309167357
1370958753
2144450031
1851493690
1487328490
2076331917
1496829155
1985960571
1718442907
1786824463
2011874330
1808273553
2521036725
3194280671
2055903251
1805484637
1903552464
2995074294
2825664821
2297463275
1589353923
1678184223
1005838667
2498352465
2619060780
1711460092
2002698697
1929174263
1791356571
1713053037
1686203097
1601481187
2600101181
1678512213
2163329540
2159158547
1684086165
1962117985
1219323702
2002571163
1663837285
2770296315
1893475163
1767737302
1707427294
1707505901
1989623247
1642720480
1888018193
1704588860
2400403322
3041018631
2531465925
1234849602
2002626083
1882652424
3699198195
2758600422
1349296387
1235572171
3237979800
1916653155
1776832784
3240321742
1883889533
2202822823
1796739691
2115123762
1642588657
1856446532
1899227237
2716593467
1845798785
1717696667
3176005473
3276584160
3173181235
2626834504
2481265575
3271606167
2916670855
2825661601
3200758462
2185690432
1709282765
3038052915
3176214597
1393100891
1756780051
3214095180
2002549363
1959444680
1784418131
2294291182
2108736404
1799283897
1910019822
2022171303
1497248683
3172968901
2646571197
1852893050
2520535293
1988546305
2217754287
1273263232
1684460585
1873931474
1050395697
1774835215
1805420500
3167104922
1829483361
1801663905
1181831395
1644330853
1823918402
1879620052
2647971081
1805655167
2299849840
2199416577
1729779710
2391135893
1188399215
1255178120
1198251223
2012797090
2921223580
2482209523
1275182592
1721863722
2387531551
1761078215
1787430513
1661325893
1649383465
3631437072
2121006422
3044746573
2015625061
2803323070
1984563793
3172428660
2287104025
2921223572
2011445377
1650096331
1952243345
2908273895
1338808593
2138481042
1807058715
1752825395
1569507770
1834775562
2017957503
2045624511
3173633817
1875333245
1244426274
1927641693
1346426481
1345589971
1674532845
2746136993
2165936572
1964168561
1641983193
1958134467
1968407017
2478261842
1664080805
2145932164
1197187737
1821555443
1561720965
2516546215
1922291203
1871729063
2316358567
1966478617
1660450067
2342024544
1130556244
2135717501
1798653494
2599892125
3279277074
2072969551
1594590224
2907499003
2312762864
3454793492
1676079234
2813700891
1645615907
1841975553
1683936900
1248924493
1948654380
2002555523
1886546593
2474646793
1832794444
1996219034
1787420505
1687332200
1708265521
2208273904
1847251991
1743293843
1831591892
1960631174
2878808313
2357213493
2607712511
2012444592
1680471710
1648816907
3243083143
1986544897
2908236931
1668336587
1727454084
1530349343
3181366165
1084443194
1779995841
1628860034
1807656282
1763327612
1308708761
1808594510
1750354480
1782869155
1945170232
1997478155
2133135690
2332613442
2345130274
2115259662
1916075454
1672623181
2275883675
1667867495
1990883881
1634118445
1904671130
1731990857
2445635275
1223849864
1867038285
1900552512
2159153355
1900776183
2032281667
2093482281
1880883723
1762211555
1884703150
1708533224
3699083130
1832083124
1886423007
2105426467
1577499801
1698857957
3214781077
1967415794
1771650130
2119931065
2647349703
1989560563
1747728084
1686524193
1763428724
2051223654
2060420737
2322654782
2613183043
1661897173
1874476862
1864898572
1623533817
1722555060
2240273294
2746679530
1237269183
3506728370
2181342657
1750359554
2010932112
3214896290
2632236847
1749982632
1801609934
1311624790
1420862042
1223250145
1909467284
1913412967
1566835402
1680198782
2525602832
2921244320
1650496964
1747383061
1647169171
1220089451
1644432073
1061251281
1796794241
2436213571
1990921871
2538507223
1614857442
3729975184
2907678583
1556384863
1368805177
2101763120
1789939197
1835442541
1665450974
2166321755
1990305585
1338667624
1796996883
1737943044
1610356014
2026211777
1929638045
1700535064
1670739131
1747522104
1654141992
1764451467
1727471254
1715196611
1653944045
2176385377
2532087330
2002587837
1759424477
2288514430
2411750412
1932642635
3107203757
1682762954
1677740025
1986281173
1688749574
1783561583
1733583753
1678221494
2972442925
2040119035
2003290751
1722762567
2474179002
1717751480
2097081305
2172760062
1890587610
1497252243
1787422385
2375041860
1752056371
1672283232
1769036392
1749933244
2337253353
2230697840
3041099632
2430812267
1855074053
1750349224
2359224985
2665629067
3796616861
2132283751
1659561791
2213293517
1680527534
1971882121
1989584561
2175239483
1821042421
2598521611
1843872915
2085931962
1948656940
3171877315
2100182462
1936491952
1497271063
2625018254
2941035587
2872558434
2312218165
1995020793
1969917711
2278055207
1899393785
3252743925
1784392831
1195054531
2032701715
3363163410
2267057804
1666430060
1780095191
2525749963
1787533835
1917045703
1194963285
1644279703
1990954515
1947792782
2081671435
1841685571
1218363903
1838672663
1698755674
2394524680
1649684227
1748976515
1806811377
3213546720
1888445211
2082787833
2090187862
2178536493
2739211877
2938485602
3166848785
1678022167
1715238570
2964224532
2005623927
1738262381
1716376363
1824428941
1651047782
3107041643
1640307671
3198471403
1043325954
1849791654
1867098353
1488577775
1842695865
2900118455
2640662852
1548779773
1841520073
1796087453
1735844295
2049413844
1805685140
2003241127
2190322767
1948630450
1957263290
1858434820
3441007854
2509484660
1893761531
1880309707
2192474323
1740970984
2908502277
2792675770
1717802810
3464326202
1725790475
1752724344
2459731433
3246091865
1644358851
2921221954
2165620670
1907883400
1688551495
2912095303
1271117800
1898268644
1848292662
2485203277
1983741501
1340333570
2659488153
1815207383
2481725361
3658043517
1791902321
2255706173
3199356643
1914980182
1775214461
1283885995
2865659104
2608297170
1902078380
2114709872
1196045711
1858983272
2050427525
1688752615
2996214853
1969984092
2519542552
1739790885
1692079024
1863933484
2167406082
1620289655
1866757105
1839141923
1699061851
1895747715
2416298865
1890733600
2871180267
1832487154
1862413070
1657659040
1233350071
3005011464
2092372651
3757719205
2088547717
1721827033
2739144622
1165505740
1421452137
2785749010
1897000400
2928277042
2881177230
3191745105
1899557515
2181014631
1883699034
1732419200
1688511087
1708877153
2945890351
1736708753
3604268061
3166141641
2439294415
1571600990
1294967085
2274922632
1886218413
2717218397
1842757737
2037509875
1889180344
2003213325
1151188883
1860262260
1738690784
1897082021
3363227370
2141839957
1170422562
2194554603
1750358010
2965421921
1815737215
2559078235
2217364423
2348915124
1610235802
1708710503
2743377315
1657987915
1709951635
2007252861
1750353820
1713636844
3285962067
1926641510
1885624052
2522926153
1752231637
1670138217
2907491607
1750355204
2285831781
1245296155
3206817844
2905602257
3109242217
1816445837
3720088647
1586539115
1401110920
2001662537
1743789792
1497433523
2996964237
3113868907
2934114502
1496853872
1829303331
2311362642
2662377173
1888450717
1665696573
2628314830
1665196112
2059102192
1363504970
1980990895
2921244264
1211107793
1848441037
2805794972
1710482713
2270374805
1300066752
2214176680
2527086413
1813464161
1654796535
1333620355
2454954285
2148382790
1516614691
1506123021
3846758641
1923788387
1911489852
1881682055
1923850235
1632089897
1911492652
1911300002
2665484421
1891658941
1923882417
1403410765
2105213367
1916798385
1863501524
1890750884
1164229092
1516632255
1960174382
2707058873
2359441912
2239375024
1647901175
1442841184
1145948547
1959182407
1980782277
1654737895
1740302411
1725935134
2593369874
2515943601
1787535601
2504089700
1907083277
1288056483
1722057601
2921243620
2024317553
2294848190
1130720913
3023304147
1845864154
1807154445
2491492131
1506063573
2901484203
2731604043
1959988471
1968333455
1664289982
1660574373
2813356813
2716973540
2321617551
3082940775
2147552111
1615699711
2321033843
2053479925
1735752733
2861556533
1668928944
3229684123
1280007372
1895860782
2366157412
1222154814
2426551695
2285381211
1926105135
1828766687
1885976762
1509674663
2879097454
1983645687
1708208575
1180386227
1686470210
2321628115
1879256061
1253280721
2750973032
2019239947
2686531083
1644119190
2157420281
1829690627
2815926483
1046561220
2032621743
1282850602
3435034442
2720794483
1880922220
1852612541
1763710640
1968955242
1891822435
2891120537
2005817001
2097860852
2868598422
2321601455
2145059087
1653472751
1844007143
1619208367
2823492977
2041260467
2921244252
1497461600
1650158931
2041390327
1904834503
2095307111
1928754775
2154682632
1797246290
1291405475
1767721974
1868074863
1878969684
2920603055
1914396665
2659261621
2060903445
2482283832
1905734375
2040676784
1920704671
1791258832
1644307977
1919971923
2202109553
1948636782
2811245617
2712601544
2041593395
1786811150
1802551095
1789488744
2310455440
2094609697
2634513522
3261216853
2359197232
1925964485
2839326360
1742295095
2908276015
3313431492
1912476163
1986895011
2156529367
2159765687
1973008251
1498160455
1948662260
1914891324
2488312547
1789681642
1277402944
2761443475
2271342011
1744322180
1066895221
1135374497
2504435753
1526202781
1743271857
3109903214
1287567427
3281973414
2907490273
1964933187
2216548084
3199527640
1729393777
3206706982
2092146824
3181602925
2138697305
2098255960
1854570915
1835081942
2077744000
1496824247
2705481321
1397341394
2660617010
1768551427
3350095642
1767771860
1265122813
2184007110
2485470153
1739013507
1660052670
1783833455
1575734183
2945078197
1764451837
2013562165
2744835310
2106038672
2011805155
3067560643
2049165894
2546392462
2004497443
2022186112
1726290264
1879179857
1771346371
2480072672
2309289433
1687036732
1234665120
2039541737
1842694787
1750358890
2823477907
1896628272
1750349212
2804769694
2201079242
2216901090
3223931921
2001851851
3181501353
2525884791
1757620155
2177327782
2344909147
3215951873
1990861901
2966791393
1708254022
1847969695
2913123917
1843749702
2706529423
2973688021
2232677060
3448398594
2844894545
1656058115
1667745540
2294363740
1707604920
2249549107
2154554813
2125306123
1625232640
3224273557
1059612613
2675863893
2296857740
1562234952
